m1=300;
m2=150;
k2=5000;
k1=8000;
b=500;